key00000000000000000000000000099	:	656	687	243		10 12 3 1
key00000000000000000000000000098	:	982	758	127		10 12 3 1
key00000000000000000000000000097	:	170	536	840		10 12 3 1
key00000000000000000000000000096	:	67	292	225		10 12 3 1
key00000000000000000000000000095	:	264	370	259		10 12 3 1
key00000000000000000000000000094	:	404	867	29		10 12 3 1
key00000000000000000000000000093	:	751	326	814		10 12 3 1
key00000000000000000000000000092	:	576	235	251		10 12 3 1
key00000000000000000000000000091	:	99	467	731		10 12 3 1
key00000000000000000000000000090	:	262	289	287		10 12 3 1
key00000000000000000000000000089	:	770	410	416		10 12 3 1
key00000000000000000000000000088	:	744	83	537		10 12 3 1
key00000000000000000000000000087	:	300	659	931		10 12 3 1
key00000000000000000000000000086	:	497	555	109		10 12 3 1
key00000000000000000000000000085	:	337	305	262		10 12 3 1
key00000000000000000000000000084	:	920	726	689		10 12 3 1
key00000000000000000000000000083	:	845	33	544		10 12 3 1
key00000000000000000000000000082	:	59	389	699		10 12 3 1
key00000000000000000000000000081	:	992	36	132		10 12 3 1
key00000000000000000000000000080	:	597	745	87		10 12 3 1
key00000000000000000000000000079	:	804	373	991		10 12 3 1
key00000000000000000000000000078	:	608	728	292		10 12 3 1
key00000000000000000000000000077	:	990	463	951		10 12 3 1
key00000000000000000000000000076	:	494	461	488		10 12 3 1
key00000000000000000000000000075	:	777	963	299		10 12 3 1
key00000000000000000000000000074	:	189	80	479		10 12 3 1
key00000000000000000000000000073	:	738	318	54		10 12 3 1
key00000000000000000000000000072	:	998	750	800		10 12 3 1
key00000000000000000000000000071	:	436	795	940		10 12 3 1
key00000000000000000000000000070	:	764	671	426		10 12 3 1
key00000000000000000000000000069	:	374	311	162		10 12 3 1
key00000000000000000000000000068	:	873	787	357		10 12 3 1
key00000000000000000000000000067	:	345	311	452		10 12 3 1
key00000000000000000000000000066	:	434	914	163		10 12 3 1
key00000000000000000000000000065	:	470	24	405		10 12 3 1
key00000000000000000000000000064	:	251	35	804		10 12 3 1
key00000000000000000000000000063	:	758	781	916		10 12 3 1
key00000000000000000000000000062	:	604	618	751		10 12 3 1
key00000000000000000000000000061	:	176	468	57		10 12 3 1
key00000000000000000000000000060	:	570	521	618		10 12 3 1
key00000000000000000000000000059	:	774	823	901		10 12 3 1
key00000000000000000000000000058	:	265	443	884		10 12 3 1
key00000000000000000000000000057	:	275	98	68		10 12 3 1
key00000000000000000000000000056	:	305	868	238		10 12 3 1
key00000000000000000000000000055	:	854	800	628		10 12 3 1
key00000000000000000000000000054	:	918	296	152		10 12 3 1
key00000000000000000000000000053	:	688	193	490		10 12 3 1
key00000000000000000000000000052	:	532	247	581		10 12 3 1
key00000000000000000000000000051	:	186	580	734		10 12 3 1
key00000000000000000000000000050	:	640	622	612		10 12 3 1
key00000000000000000000000000049	:	390	348	464		10 12 3 1
key00000000000000000000000000048	:	869	42	580		10 12 3 1
key00000000000000000000000000047	:	543	368	304		10 12 3 1
key00000000000000000000000000046	:	422	823	924		10 12 3 1
key00000000000000000000000000045	:	146	41	294		10 12 3 1
key00000000000000000000000000044	:	750	527	723		10 12 3 1
key00000000000000000000000000043	:	613	863	64		10 12 3 1
key00000000000000000000000000042	:	545	968	353		10 12 3 1
key00000000000000000000000000041	:	98	100	125		10 12 3 1
key00000000000000000000000000040	:	691	857	152		10 12 3 1
key00000000000000000000000000039	:	335	43	929		10 12 3 1
key00000000000000000000000000038	:	251	997	617		10 12 3 1
key00000000000000000000000000037	:	912	68	567		10 12 3 1
key00000000000000000000000000036	:	562	908	561		10 12 3 1
key00000000000000000000000000035	:	60	903	657		10 12 3 1
key00000000000000000000000000034	:	953	973	768		10 12 3 1
key00000000000000000000000000033	:	474	201	26		10 12 3 1
key00000000000000000000000000032	:	772	531	524		10 12 3 1
key00000000000000000000000000031	:	111	824	850		10 12 3 1
key00000000000000000000000000030	:	22	975	368		10 12 3 1
key00000000000000000000000000029	:	465	471	276		10 12 3 1
key00000000000000000000000000028	:	377	1	979		10 12 3 1
key00000000000000000000000000027	:	273	538	710		10 12 3 1
key00000000000000000000000000026	:	821	532	966		10 12 3 1
key00000000000000000000000000025	:	283	473	177		10 12 3 1
key00000000000000000000000000024	:	777	281	644		10 12 3 1
key00000000000000000000000000023	:	429	140	703		10 12 3 1
key00000000000000000000000000022	:	788	2	574		10 12 3 1
key00000000000000000000000000021	:	540	404	360		10 12 3 1
key00000000000000000000000000020	:	17	776	718		10 12 3 1
key00000000000000000000000000019	:	634	717	177		10 12 3 1
key00000000000000000000000000018	:	14	164	569		10 12 3 1
key00000000000000000000000000017	:	476	721	66		10 12 3 1
key00000000000000000000000000016	:	611	955	362		10 12 3 1
key00000000000000000000000000015	:	600	891	908		10 12 3 1
key00000000000000000000000000014	:	267	299	509		10 12 3 1
key00000000000000000000000000013	:	647	153	355		10 12 3 1
key00000000000000000000000000012	:	537	493	38		10 12 3 1
key00000000000000000000000000011	:	270	16	693		10 12 3 1
key00000000000000000000000000010	:	715	9	526		10 12 3 1
key00000000000000000000000000009	:	829	164	748		10 12 3 1
key00000000000000000000000000008	:	753	568	856		10 12 3 1
key00000000000000000000000000007	:	3	951	969		10 12 3 1
key00000000000000000000000000006	:	366	661	330		10 12 3 1
key00000000000000000000000000005	:	135	273	420		10 12 3 1
key00000000000000000000000000004	:	183	169	427		10 12 3 1
key00000000000000000000000000003	:	709	930	446		10 12 3 1
key00000000000000000000000000002	:	689	533	340		10 12 3 1
key00000000000000000000000000001	:	947	634	971		10 12 3 1
key00000000000000000000000000000	:	137	751	152		10 12 3 1
